29
ERR1231936 0.00000 0.00159 0.04120 0.02536 0.06116 0.08537 0.07622 0.07622 0.07470 0.07622 0.08079 0.09604 0.07915 0.07915 0.08855 0.09451 0.03803 0.03323 0.03006 0.20221 0.11848 0.15350 0.09327 0.09327 0.09160 0.12711 0.12957 0.20000 0.18671 
ERR1231936 0.00159 0.00000 0.03962 0.02377 0.05963 0.08384 0.07470 0.07470 0.07317 0.07470 0.07927 0.09451 0.07763 0.07763 0.08702 0.09299 0.03645 0.03165 0.02848 0.20379 0.11690 0.15198 0.09174 0.09174 0.09008 0.12557 0.12805 0.19845 0.18829 
ERR1231936 0.04120 0.03962 0.00000 0.03968 0.07373 0.10366 0.09604 0.09604 0.09451 0.09604 0.10213 0.09553 0.10046 0.10046 0.10840 0.11433 0.06181 0.05380 0.05063 0.17398 0.08455 0.12187 0.11315 0.11315 0.11298 0.14701 0.15091 0.17065 0.15961 
ERR1231936 0.02536 0.02377 0.03968 0.00000 0.06728 0.08689 0.07774 0.07774 0.07622 0.07774 0.08537 0.09756 0.08371 0.08371 0.08702 0.09604 0.04596 0.03639 0.03323 0.19937 0.11234 0.14612 0.09480 0.09480 0.09618 0.12864 0.13415 0.19410 0.18542 
Contig49_1 0.06116 0.05963 0.07373 0.06728 0.00000 0.04116 0.03659 0.03659 0.03506 0.03354 0.03811 0.04135 0.03957 0.03957 0.05335 0.05640 0.07492 0.06565 0.06260 0.22511 0.13936 0.10687 0.05505 0.05505 0.05344 0.09466 0.08994 0.18377 0.21166 
ERR1231936 0.08537 0.08384 0.10366 0.08689 0.04116 0.00000 0.01220 0.01220 0.01067 0.00915 0.01829 0.02439 0.01979 0.01979 0.02896 0.02901 0.09604 0.08079 0.07774 0.21799 0.12805 0.09878 0.04116 0.04116 0.04262 0.08219 0.08359 0.16768 0.20732 
ERR1231936 0.07622 0.07470 0.09604 0.07774 0.03659 0.01220 0.00000 0.00000 0.00152 0.00305 0.01220 0.02287 0.01065 0.01065 0.01982 0.02591 0.08689 0.07458 0.07154 0.21037 0.12043 0.09422 0.03201 0.03201 0.03349 0.07306 0.07447 0.16159 0.20244 
ERR1231936 0.07622 0.07470 0.09604 0.07774 0.03659 0.01220 0.00000 0.00000 0.00152 0.00305 0.01220 0.02287 0.01065 0.01065 0.01982 0.02591 0.08689 0.07458 0.07154 0.21037 0.12043 0.09422 0.03201 0.03201 0.03349 0.07306 0.07447 0.16159 0.20244 
ERR1231936 0.07470 0.07317 0.09451 0.07622 0.03506 0.01067 0.00152 0.00152 0.00000 0.00152 0.01067 0.02134 0.00913 0.00913 0.01829 0.02439 0.08537 0.07306 0.07002 0.20884 0.11890 0.09271 0.03049 0.03049 0.03196 0.07154 0.07295 0.16006 0.20091 
ERR1231936 0.07622 0.07470 0.09604 0.07774 0.03354 0.00915 0.00305 0.00305 0.00152 0.00000 0.00915 0.01982 0.01065 0.01065 0.01982 0.02591 0.08689 0.07458 0.07154 0.21037 0.12043 0.09422 0.03201 0.03201 0.03349 0.07306 0.07447 0.16159 0.20244 
Contig110_ 0.08079 0.07927 0.10213 0.08537 0.03811 0.01829 0.01220 0.01220 0.01067 0.00915 0.00000 0.02896 0.01674 0.01674 0.02896 0.02896 0.09146 0.08219 0.07915 0.21799 0.12805 0.10030 0.03963 0.03963 0.03805 0.08067 0.07903 0.16921 0.20852 
ERR1231936 0.09604 0.09451 0.09553 0.09756 0.04135 0.02439 0.02287 0.02287 0.02134 0.01982 0.02896 0.00000 0.03044 0.03044 0.03659 0.03963 0.10366 0.09437 0.09132 0.20955 0.11864 0.08909 0.04726 0.04726 0.04871 0.08828 0.08967 0.15562 0.20000 
ERR1231936 0.07915 0.07763 0.10046 0.08371 0.03957 0.01979 0.01065 0.01065 0.00913 0.01065 0.01674 0.03044 0.00000 0.00000 0.02435 0.03196 0.08980 0.08055 0.07751 0.21157 0.12329 0.09560 0.03957 0.03957 0.03799 0.08055 0.07891 0.16743 0.20821 
Contig11_1 0.07915 0.07763 0.10046 0.08371 0.03957 0.01979 0.01065 0.01065 0.00913 0.01065 0.01674 0.03044 0.00000 0.00000 0.02435 0.03196 0.08980 0.08055 0.07751 0.21157 0.12329 0.09560 0.03957 0.03957 0.03799 0.08055 0.07891 0.16743 0.20821 
ERR1231936 0.08855 0.08702 0.10840 0.08702 0.05335 0.02896 0.01982 0.01982 0.01829 0.01982 0.02896 0.03659 0.02435 0.02435 0.00000 0.04268 0.09924 0.08689 0.08384 0.21713 0.13130 0.10942 0.04878 0.04878 0.04871 0.08537 0.09119 0.16972 0.21069 
ERR1231936 0.09451 0.09299 0.11433 0.09604 0.05640 0.02901 0.02591 0.02591 0.02439 0.02591 0.02896 0.03963 0.03196 0.03196 0.04268 0.00000 0.10229 0.08689 0.08384 0.22256 0.14177 0.11094 0.05183 0.05183 0.05479 0.09589 0.09726 0.17835 0.21646 
ERR1231936 0.03803 0.03645 0.06181 0.04596 0.07492 0.09604 0.08689 0.08689 0.08537 0.08689 0.09146 0.10366 0.08980 0.08980 0.09924 0.10229 0.00000 0.04430 0.04114 0.21485 0.12638 0.16109 0.10092 0.10092 0.09771 0.13476 0.13720 0.20465 0.19937 
ERR1231936 0.03323 0.03165 0.05380 0.03639 0.06565 0.08079 0.07458 0.07458 0.07306 0.07458 0.08219 0.09437 0.08055 0.08055 0.08689 0.08689 0.04430 0.00000 0.00317 0.20820 0.11234 0.15326 0.09160 0.09160 0.09299 0.12538 0.13090 0.19565 0.18413 
ERR1231936 0.03006 0.02848 0.05063 0.03323 0.06260 0.07774 0.07154 0.07154 0.07002 0.07154 0.07915 0.09132 0.07751 0.07751 0.08384 0.08384 0.04114 0.00317 0.00000 0.20505 0.11514 0.15023 0.08855 0.08855 0.08994 0.12232 0.12785 0.19814 0.18671 
ERR1231936 0.20221 0.20379 0.17398 0.19937 0.22511 0.21799 0.21037 0.21037 0.20884 0.21037 0.21799 0.20955 0.21157 0.21157 0.21713 0.22256 0.21485 0.20820 0.20505 0.00000 0.13051 0.17236 0.23476 0.23476 0.23592 0.26870 0.27508 0.19799 0.15210 
ERR1231936 0.11848 0.11690 0.08455 0.11234 0.13936 0.12805 0.12043 0.12043 0.11890 0.12043 0.12805 0.11864 0.12329 0.12329 0.13130 0.14177 0.12638 0.11234 0.11514 0.13051 0.00000 0.08455 0.14787 0.14787 0.14764 0.18168 0.18845 0.11500 0.11545 
ERR1231936 0.15350 0.15198 0.12187 0.14612 0.10687 0.09878 0.09422 0.09422 0.09271 0.09422 0.10030 0.08909 0.09560 0.09560 0.10942 0.11094 0.16109 0.15326 0.15023 0.17236 0.08455 0.00000 0.11702 0.11702 0.11988 0.15781 0.15758 0.12846 0.16883 
ERR1231936 0.09327 0.09174 0.11315 0.09480 0.05505 0.04116 0.03201 0.03201 0.03049 0.03201 0.03963 0.04726 0.03957 0.03957 0.04878 0.05183 0.10092 0.09160 0.08855 0.23476 0.14787 0.11702 0.00000 0.00000 0.01685 0.05207 0.05352 0.18293 0.20368 
ERR1231936 0.09327 0.09174 0.11315 0.09480 0.05505 0.04116 0.03201 0.03201 0.03049 0.03201 0.03963 0.04726 0.03957 0.03957 0.04878 0.05183 0.10092 0.09160 0.08855 0.23476 0.14787 0.11702 0.00000 0.00000 0.01685 0.05207 0.05352 0.18293 0.20368 
ERR1231936 0.09160 0.09008 0.11298 0.09618 0.05344 0.04262 0.03349 0.03349 0.03196 0.03349 0.03805 0.04871 0.03799 0.03799 0.04871 0.05479 0.09771 0.09299 0.08994 0.23592 0.14764 0.11988 0.01685 0.01685 0.00000 0.05666 0.05505 0.18417 0.20948 
ERR1231936 0.12711 0.12557 0.14701 0.12864 0.09466 0.08219 0.07306 0.07306 0.07154 0.07306 0.08067 0.08828 0.08055 0.08055 0.08537 0.09589 0.13476 0.12538 0.12232 0.26870 0.18168 0.15781 0.05207 0.05207 0.05666 0.00000 0.02063 0.21679 0.24080 
ERR1231936 0.12957 0.12805 0.15091 0.13415 0.08994 0.08359 0.07447 0.07447 0.07295 0.07447 0.07903 0.08967 0.07891 0.07891 0.09119 0.09726 0.13720 0.13090 0.12785 0.27508 0.18845 0.15758 0.05352 0.05352 0.05505 0.02063 0.00000 0.22340 0.24733 
ERR1231936 0.20000 0.19845 0.17065 0.19410 0.18377 0.16768 0.16159 0.16159 0.16006 0.16159 0.16921 0.15562 0.16743 0.16743 0.16972 0.17835 0.20465 0.19565 0.19814 0.19799 0.11500 0.12846 0.18293 0.18293 0.18417 0.21679 0.22340 0.00000 0.11053 
ERR1231936 0.18671 0.18829 0.15961 0.18542 0.21166 0.20732 0.20244 0.20244 0.20091 0.20244 0.20852 0.20000 0.20821 0.20821 0.21069 0.21646 0.19937 0.18413 0.18671 0.15210 0.11545 0.16883 0.20368 0.20368 0.20948 0.24080 0.24733 0.11053 0.00000 
