11
ERR1231936 0.00000 0.03323 0.03323 0.03021 0.03021 0.10121 0.02870 0.02870 0.02417 0.06787 0.10423 
ERR1231936 0.03323 0.00000 0.00000 0.01818 0.01818 0.08939 0.01970 0.01970 0.01515 0.05900 0.10423 
Contig3_59 0.03323 0.00000 0.00000 0.01818 0.01818 0.08939 0.01970 0.01970 0.01515 0.05900 0.10423 
ERR1231936 0.03021 0.01818 0.01818 0.00000 0.00000 0.07424 0.01364 0.01364 0.00909 0.05598 0.10121 
ERR1231936 0.03021 0.01818 0.01818 0.00000 0.00000 0.07424 0.01364 0.01364 0.00909 0.05598 0.10121 
ERR1231936 0.10121 0.08939 0.08939 0.07424 0.07424 0.00000 0.08636 0.08636 0.08182 0.12859 0.17372 
ERR1231936 0.02870 0.01970 0.01970 0.01364 0.01364 0.08636 0.00000 0.00000 0.00455 0.05446 0.09970 
ERR1231936 0.02870 0.01970 0.01970 0.01364 0.01364 0.08636 0.00000 0.00000 0.00455 0.05446 0.09970 
Contig114_ 0.02417 0.01515 0.01515 0.00909 0.00909 0.08182 0.00455 0.00455 0.00000 0.04992 0.09517 
Contig94_1 0.06787 0.05900 0.05900 0.05598 0.05598 0.12859 0.05446 0.05446 0.04992 0.00000 0.06298 
ERR1231936 0.10423 0.10423 0.10423 0.10121 0.10121 0.17372 0.09970 0.09970 0.09517 0.06298 0.00000 
