30
ERR1231936 0.00000 0.00136 0.08963 0.09091 0.09091 0.08963 0.09219 0.15000 0.13486 0.14602 0.14602 0.09055 0.09055 0.09031 0.09031 0.08644 0.08644 0.08644 0.08644 0.11008 0.12739 0.12739 0.24187 0.16881 0.16881 0.16710 0.16581 0.18411 0.16031 0.21258 
ERR1231936 0.00136 0.00000 0.09091 0.09219 0.09219 0.09091 0.09347 0.15128 0.13613 0.14733 0.14733 0.09188 0.09188 0.09163 0.09163 0.08777 0.08777 0.08777 0.08777 0.11141 0.12866 0.12866 0.24317 0.17010 0.17010 0.16838 0.16710 0.18537 0.16158 0.21159 
ERR1231936 0.08963 0.09091 0.00000 0.00897 0.01410 0.01282 0.01793 0.07821 0.06115 0.11652 0.11652 0.10499 0.10499 0.09731 0.09731 0.09615 0.09615 0.09615 0.09615 0.12372 0.07868 0.07868 0.21601 0.11381 0.11381 0.10358 0.10230 0.12422 0.15129 0.15144 
Contig72_2 0.09091 0.09219 0.00897 0.00000 0.01538 0.01410 0.02177 0.07692 0.06242 0.11012 0.11012 0.10883 0.10883 0.10115 0.10115 0.10000 0.10000 0.10000 0.10000 0.12755 0.07995 0.07995 0.21855 0.11509 0.11509 0.10742 0.10614 0.13300 0.15498 0.15895 
ERR1231936 0.09091 0.09219 0.01410 0.01538 0.00000 0.01795 0.02433 0.08205 0.06752 0.11908 0.11908 0.10883 0.10883 0.10115 0.10115 0.10000 0.10000 0.10000 0.10000 0.12755 0.07995 0.07995 0.22109 0.11893 0.11893 0.11125 0.10997 0.13049 0.15744 0.15895 
Contig60_2 0.08963 0.09091 0.01282 0.01410 0.01795 0.00000 0.02433 0.08205 0.06369 0.11652 0.11652 0.10755 0.10755 0.09987 0.09987 0.09872 0.09872 0.09872 0.09872 0.12628 0.07614 0.07614 0.21982 0.11509 0.11509 0.10997 0.10870 0.13551 0.15744 0.15895 
Contig82_2 0.09219 0.09347 0.01793 0.02177 0.02433 0.02433 0.00000 0.08579 0.07006 0.12164 0.12164 0.11509 0.11509 0.10742 0.10742 0.10627 0.10627 0.10627 0.10627 0.13376 0.08629 0.08629 0.22589 0.12404 0.12404 0.11637 0.11509 0.13676 0.16093 0.16500 
ERR1231936 0.15000 0.15128 0.07821 0.07692 0.08205 0.08205 0.08579 0.00000 0.11592 0.12385 0.12385 0.16538 0.16538 0.16261 0.16261 0.16026 0.16026 0.16026 0.16026 0.18159 0.13452 0.13452 0.21711 0.16945 0.16945 0.16560 0.16303 0.18663 0.21402 0.18263 
Contig121_ 0.13486 0.13613 0.06115 0.06242 0.06752 0.06369 0.07006 0.11592 0.00000 0.15649 0.15649 0.15013 0.15013 0.14249 0.14249 0.14140 0.14140 0.14140 0.14140 0.16497 0.08513 0.08513 0.22363 0.14522 0.14522 0.13885 0.13758 0.16500 0.19927 0.20149 
ERR1231936 0.14602 0.14733 0.11652 0.11012 0.11908 0.11652 0.12164 0.12385 0.15649 0.00000 0.00000 0.19434 0.19434 0.19127 0.19127 0.18638 0.18638 0.18638 0.18638 0.21053 0.14904 0.14904 0.24506 0.14888 0.14888 0.14980 0.14849 0.17290 0.23428 0.20000 
Contig76_1 0.14602 0.14733 0.11652 0.11012 0.11908 0.11652 0.12164 0.12385 0.15649 0.00000 0.00000 0.19434 0.19434 0.19127 0.19127 0.18638 0.18638 0.18638 0.18638 0.21053 0.14904 0.14904 0.24506 0.14888 0.14888 0.14980 0.14849 0.17290 0.23428 0.20000 
ERR1231936 0.09055 0.09188 0.10499 0.10883 0.10883 0.10755 0.11509 0.16538 0.15013 0.19434 0.19434 0.00000 0.00000 0.00822 0.00822 0.02596 0.02596 0.02596 0.02596 0.02326 0.15843 0.15843 0.28917 0.18638 0.18638 0.18123 0.17738 0.20050 0.17452 0.20986 
ERR1231936 0.09055 0.09188 0.10499 0.10883 0.10883 0.10755 0.11509 0.16538 0.15013 0.19434 0.19434 0.00000 0.00000 0.00822 0.00822 0.02596 0.02596 0.02596 0.02596 0.02326 0.15843 0.15843 0.28917 0.18638 0.18638 0.18123 0.17738 0.20050 0.17452 0.20986 
ERR1231936 0.09031 0.09163 0.09731 0.10115 0.10115 0.09987 0.10742 0.16261 0.14249 0.19127 0.19127 0.00822 0.00822 0.00000 0.00000 0.02049 0.02049 0.02049 0.02049 0.03138 0.15589 0.15589 0.28844 0.18380 0.18380 0.17609 0.17224 0.19420 0.16688 0.20681 
Contig56_2 0.09031 0.09163 0.09731 0.10115 0.10115 0.09987 0.10742 0.16261 0.14249 0.19127 0.19127 0.00822 0.00822 0.00000 0.00000 0.02049 0.02049 0.02049 0.02049 0.03138 0.15589 0.15589 0.28844 0.18380 0.18380 0.17609 0.17224 0.19420 0.16688 0.20681 
ERR1231936 0.08644 0.08777 0.09615 0.10000 0.10000 0.09872 0.10627 0.16026 0.14140 0.18638 0.18638 0.02596 0.02596 0.02049 0.02049 0.00000 0.00000 0.00000 0.00000 0.04762 0.15228 0.15228 0.29352 0.18123 0.18123 0.17352 0.16967 0.19294 0.16815 0.20681 
ERR1231936 0.08644 0.08777 0.09615 0.10000 0.10000 0.09872 0.10627 0.16026 0.14140 0.18638 0.18638 0.02596 0.02596 0.02049 0.02049 0.00000 0.00000 0.00000 0.00000 0.04762 0.15228 0.15228 0.29352 0.18123 0.18123 0.17352 0.16967 0.19294 0.16815 0.20681 
ERR1231936 0.08644 0.08777 0.09615 0.10000 0.10000 0.09872 0.10627 0.16026 0.14140 0.18638 0.18638 0.02596 0.02596 0.02049 0.02049 0.00000 0.00000 0.00000 0.00000 0.04762 0.15228 0.15228 0.29352 0.18123 0.18123 0.17352 0.16967 0.19294 0.16815 0.20681 
Contig59_2 0.08644 0.08777 0.09615 0.10000 0.10000 0.09872 0.10627 0.16026 0.14140 0.18638 0.18638 0.02596 0.02596 0.02049 0.02049 0.00000 0.00000 0.00000 0.00000 0.04762 0.15228 0.15228 0.29352 0.18123 0.18123 0.17352 0.16967 0.19294 0.16815 0.20681 
ERR1231936 0.11008 0.11141 0.12372 0.12755 0.12755 0.12628 0.13376 0.18159 0.16497 0.21053 0.21053 0.02326 0.02326 0.03138 0.03138 0.04762 0.04762 0.04762 0.04762 0.00000 0.17424 0.17424 0.30584 0.19434 0.19434 0.18919 0.18533 0.20707 0.19036 0.22446 
ERR1231936 0.12739 0.12866 0.07868 0.07995 0.07995 0.07614 0.08629 0.13452 0.08513 0.14904 0.14904 0.15843 0.15843 0.15589 0.15589 0.15228 0.15228 0.15228 0.15228 0.17424 0.00000 0.00000 0.21355 0.16329 0.16329 0.16076 0.15696 0.18012 0.20463 0.20373 
ERR1231936 0.12739 0.12866 0.07868 0.07995 0.07995 0.07614 0.08629 0.13452 0.08513 0.14904 0.14904 0.15843 0.15843 0.15589 0.15589 0.15228 0.15228 0.15228 0.15228 0.17424 0.00000 0.00000 0.21355 0.16329 0.16329 0.16076 0.15696 0.18012 0.20463 0.20373 
Contig63_1 0.24187 0.24317 0.21601 0.21855 0.22109 0.21982 0.22589 0.21711 0.22363 0.24506 0.24506 0.28917 0.28917 0.28844 0.28844 0.29352 0.29352 0.29352 0.29352 0.30584 0.21355 0.21355 0.00000 0.29479 0.29479 0.29785 0.29404 0.31009 0.34634 0.31004 
ERR1231936 0.16881 0.17010 0.11381 0.11509 0.11893 0.11509 0.12404 0.16945 0.14522 0.14888 0.14888 0.18638 0.18638 0.18380 0.18380 0.18123 0.18123 0.18123 0.18123 0.19434 0.16329 0.16329 0.29479 0.00000 0.00000 0.02174 0.01766 0.07190 0.22222 0.23492 
ERR1231936 0.16881 0.17010 0.11381 0.11509 0.11893 0.11509 0.12404 0.16945 0.14522 0.14888 0.14888 0.18638 0.18638 0.18380 0.18380 0.18123 0.18123 0.18123 0.18123 0.19434 0.16329 0.16329 0.29479 0.00000 0.00000 0.02174 0.01766 0.07190 0.22222 0.23492 
ERR1231936 0.16710 0.16838 0.10358 0.10742 0.11125 0.10997 0.11637 0.16560 0.13885 0.14980 0.14980 0.18123 0.18123 0.17609 0.17609 0.17352 0.17352 0.17352 0.17352 0.18919 0.16076 0.16076 0.29785 0.02174 0.02174 0.00000 0.00679 0.06525 0.21728 0.23116 
Contig33_1 0.16581 0.16710 0.10230 0.10614 0.10997 0.10870 0.11509 0.16303 0.13758 0.14849 0.14849 0.17738 0.17738 0.17224 0.17224 0.16967 0.16967 0.16967 0.16967 0.18533 0.15696 0.15696 0.29404 0.01766 0.01766 0.00679 0.00000 0.06125 0.21728 0.22990 
ERR1231936 0.18411 0.18537 0.12422 0.13300 0.13049 0.13551 0.13676 0.18663 0.16500 0.17290 0.17290 0.20050 0.20050 0.19420 0.19420 0.19294 0.19294 0.19294 0.19294 0.20707 0.18012 0.18012 0.31009 0.07190 0.07190 0.06525 0.06125 0.00000 0.19136 0.20000 
ERR1231936 0.16031 0.16158 0.15129 0.15498 0.15744 0.15744 0.16093 0.21402 0.19927 0.23428 0.23428 0.17452 0.17452 0.16688 0.16688 0.16815 0.16815 0.16815 0.16815 0.19036 0.20463 0.20463 0.34634 0.22222 0.22222 0.21728 0.21728 0.19136 0.00000 0.17272 
ERR1231936 0.21258 0.21159 0.15144 0.15895 0.15895 0.15895 0.16500 0.18263 0.20149 0.20000 0.20000 0.20986 0.20986 0.20681 0.20681 0.20681 0.20681 0.20681 0.20681 0.22446 0.20373 0.20373 0.31004 0.23492 0.23492 0.23116 0.22990 0.20000 0.17272 0.00000 
