10
ERR1231936 0.00000 0.01935 0.16129 0.01290 0.23871 0.19231 0.19231 0.21154 0.23397 0.17308 
Contig89_2 0.01935 0.00000 0.15161 0.03226 0.23548 0.18269 0.18269 0.20192 0.22436 0.16346 
Contig99_2 0.16129 0.15161 0.00000 0.17419 0.14599 0.07971 0.07971 0.09420 0.12044 0.28526 
ERR1231936 0.01290 0.03226 0.17419 0.00000 0.25161 0.20513 0.20513 0.22436 0.24679 0.18590 
Contig93_2 0.23871 0.23548 0.14599 0.25161 0.00000 0.12044 0.12044 0.13869 0.13971 0.33871 
ERR1231936 0.19231 0.18269 0.07971 0.20513 0.12044 0.00000 0.00000 0.04380 0.12319 0.27244 
Contig61_2 0.19231 0.18269 0.07971 0.20513 0.12044 0.00000 0.00000 0.04380 0.12319 0.27244 
ERR1231936 0.21154 0.20192 0.09420 0.22436 0.13869 0.04380 0.04380 0.00000 0.12727 0.27653 
ERR1231936 0.23397 0.22436 0.12044 0.24679 0.13971 0.12319 0.12319 0.12727 0.00000 0.29904 
Contig2_18 0.17308 0.16346 0.28526 0.18590 0.33871 0.27244 0.27244 0.27653 0.29904 0.00000 
